#include "img_conf.h"
#include "lv_conf.h"

#if USE_IMG_OK != 0 && LV_APP_USE_INTERNAL_ICONS == 1

#include <stdint.h> 
#include "misc/others/color.h"

const color_int_t img_ok [] = { /*Width = 16, Height = 12*/ 
16,	/*Width*/
12,	/*Heigth*/
16,	/*Color depth = 16*/
1,	/*Flags: Transp = 1*/
2016, 2016, 2016, 2016, 2016, 2016, 2016, 2016, 2016, 2016, 2016, 2016, 2016, 32, 2113, 2016, 
2016, 2016, 2016, 2016, 2016, 2016, 2016, 2016, 2016, 2016, 2016, 2016, 2113, 0, 0, 10597, 
2016, 2016, 2016, 2016, 2016, 2016, 2016, 2016, 2016, 2016, 2016, 32, 0, 0, 8452, 2016, 
2016, 2016, 2016, 2016, 2016, 2016, 2016, 2016, 2016, 2016, 32, 0, 0, 8452, 2016, 2016, 
2016, 2016, 2016, 2016, 2016, 2016, 2016, 2016, 2016, 32, 0, 0, 8452, 2016, 2016, 2016, 
2016, 2016, 2016, 2016, 2016, 2016, 2016, 2016, 2113, 0, 0, 6371, 2016, 2016, 2016, 2016, 
2016, 4258, 0, 40147, 2016, 2016, 2016, 32, 0, 0, 8452, 2016, 2016, 2016, 2016, 2016, 
16936, 0, 0, 32, 2016, 2016, 2113, 0, 0, 6371, 2016, 2016, 2016, 2016, 2016, 2016, 
2016, 10565, 0, 0, 32, 2113, 0, 0, 6371, 2016, 2016, 2016, 2016, 2016, 2016, 2016, 
2016, 2016, 12710, 0, 0, 0, 0, 8452, 2016, 2016, 2016, 2016, 2016, 2016, 2016, 2016, 
2016, 2016, 2016, 12710, 0, 0, 8484, 2016, 2016, 2016, 2016, 2016, 2016, 2016, 2016, 2016, 
2016, 2016, 2016, 2016, 12710, 8484, 2016, 2016, 2016, 2016, 2016, 2016, 2016, 2016, 2016, 2016, 
};

#endif
